<?xml version="1.0"?>
<opencv_storage>
<D2 type_id="opencv-matrix">
  <rows>1</rows>
  <cols>8</cols>
  <dt>d</dt>
  <data>
    -9.2705406981236358e+00 2.2021775695924774e+01
    -5.4546800479113322e-04 1.2528995597896465e-03
    1.2653781330935616e+00 -8.9963409631682616e+00
    1.9465893272034982e+01 7.4434525125226108e+00</data></D2>
</opencv_storage>
