<?xml version="1.0"?>
<opencv_storage>
<M1-single type_id="opencv-matrix">
  <rows>3</rows>
  <cols>3</cols>
  <dt>d</dt>
  <data>
    5.3604133367742577e+02 0. 3.4257081471472156e+02 0.
    5.3599985971202273e+02 2.3591890462198080e+02 0. 0. 1.</data></M1-single>
</opencv_storage>
