<?xml version="1.0"?>
<opencv_storage>
<Q type_id="opencv-matrix">
  <rows>4</rows>
  <cols>4</cols>
  <dt>d</dt>
  <data>
    1. 0. 0. 3.1591235351562500e+02 0. 1. 0. -1.9295489501953125e+02 0.
    0. 0. -3.7313082123669392e+02 0. 0. 2.9897895945800751e-01
    8.2597025153235904e+01</data></Q>
</opencv_storage>
