<?xml version="1.0"?>
<opencv_storage>
<R1 type_id="opencv-matrix">
  <rows>3</rows>
  <cols>3</cols>
  <dt>d</dt>
  <data>
    9.9989024458334563e-01 -8.3828016002378044e-03
    -1.2215867729639975e-02 8.3859312640362053e-03
    9.9996481644787794e-01 2.0499560169904272e-04 1.2213719494563027e-02
    -3.0741452943266247e-04 9.9992536249082875e-01</data></R1>
</opencv_storage>
