<?xml version="1.0"?>
<opencv_storage>
<R2 type_id="opencv-matrix">
  <rows>3</rows>
  <cols>3</cols>
  <dt>d</dt>
  <data>
    9.9979458974359858e-01 -1.2510692785381366e-02
    -1.5945560054730697e-02 1.2506606719534194e-02
    9.9992172598130957e-01 -3.5594792028300845e-04
    1.5948765086743196e-02 1.5644995640222889e-04 9.9987279811765017e-01</data></R2>
</opencv_storage>
