<?xml version="1.0"?>
<opencv_storage>
<D1-single type_id="opencv-matrix">
  <rows>1</rows>
  <cols>8</cols>
  <dt>d</dt>
  <data>
    -2.4222758420900302e+01 1.4768300620998295e+02
    1.8235411579580201e-03 -3.1898841670443878e-04
    -7.1047047863125643e+00 -2.3949800996114977e+01
    1.4106941269038006e+02 3.3061826625216263e+01</data></D1-single>
</opencv_storage>
