%YAML:1.0
R: !!opencv-matrix
   rows: 3
   cols: 3
   dt: d
   data: [ 9.9999901002643898e-01, 1.8676961935835395e-04,
       1.3946552446069274e-03, -1.9402466974321079e-04,
       9.9998644175234774e-01, 5.2037165474369228e-03,
       -1.3936644393669198e-03, -5.2039819934183613e-03,
       9.9998548803012266e-01 ]
T: !!opencv-matrix
   rows: 3
   cols: 1
   dt: d
   data: [ -6.7217392243868149e-02, -1.9936920731971022e-04,
       -2.4330804589257593e-06 ]
R1: !!opencv-matrix
   rows: 3
   cols: 3
   dt: d
   data: [ 9.9999398479169899e-01, 3.1525631976544468e-03,
       1.4462799535721175e-03, -3.1563141693061268e-03,
       9.9999164238959692e-01, 2.5986211384566708e-03,
       -1.4380755487619881e-03, -2.6031704211194702e-03,
       9.9999557771145897e-01 ]
R2: !!opencv-matrix
   rows: 3
   cols: 3
   dt: d
   data: [ 9.9999560068904358e-01, 2.9660229827035462e-03,
       3.6197026898248134e-05, -2.9659188056278870e-03,
       9.9999221914589209e-01, -2.6009562304169544e-03,
       -4.3911241210887303e-05, 2.6008374305589283e-03,
       9.9999661685250851e-01 ]
P1: !!opencv-matrix
   rows: 3
   cols: 4
   dt: d
   data: [ 7.7827299541279514e+04, 0., 6.1936877660751343e+03, 0., 0.,
       7.7827299541279514e+04, -1.6810824698448181e+04, 0., 0., 0., 1.,
       0. ]
P2: !!opencv-matrix
   rows: 3
   cols: 4
   dt: d
   data: [ 7.7827299541279514e+04, 0., 6.1936877660751343e+03,
       -5.2313711349755531e+03, 0., 7.7827299541279514e+04,
       -1.6810824698448181e+04, 0., 0., 0., 1., 0. ]
Q: !!opencv-matrix
   rows: 4
   cols: 4
   dt: d
   data: [ 1., 0., 0., -6.1936877660751343e+03, 0., 1., 0.,
       1.6810824698448181e+04, 0., 0., 0., 7.7827299541279514e+04, 0.,
       0., 1.4877036542283710e+01, 0. ]
