%YAML:1.0
R: !!opencv-matrix
   rows: 3
   cols: 3
   dt: d
   data: [ 9.9978977864837792e-01, 1.5638079352723875e-03,
       -2.0443899211477802e-02, -1.5042562619879817e-03,
       9.9999458204419378e-01, 2.9279848627458017e-03,
       2.0448367253298086e-02, -2.8966164744021116e-03,
       9.9978671419942089e-01 ]
T: !!opencv-matrix
   rows: 3
   cols: 1
   dt: d
   data: [ -6.6515307913806900e+00, -2.7170728286198420e-01,
       1.3124610932446859e+00 ]
R1: !!opencv-matrix
   rows: 3
   cols: 3
   dt: d
   data: [ 9.7607504369503617e-01, 4.2137046324485401e-02,
       -2.1331192747425395e-01, -4.1797702921040965e-02,
       9.9910745726084682e-01, 6.1025303186059776e-03,
       2.1337868006494370e-01, 2.9594210266998943e-03,
       9.7696508674615856e-01 ]
R2: !!opencv-matrix
   rows: 3
   cols: 3
   dt: d
   data: [ 9.8029667367336681e-01, 4.0043976936494481e-02,
       -1.9342934497134123e-01, -4.0351263496352492e-02,
       9.9918278671355076e-01, 2.3525028354680665e-03,
       1.9336547550992800e-01, 5.4989677624489490e-03,
       9.8111138727178526e-01 ]
P1: !!opencv-matrix
   rows: 3
   cols: 4
   dt: d
   data: [ 2.6330409681651548e+02, 0., 2.2931350326538086e+02, 0., 0.,
       2.6330409681651548e+02, 1.0880527687072754e+02, 0., 0., 0., 1.,
       0. ]
P2: !!opencv-matrix
   rows: 3
   cols: 4
   dt: d
   data: [ 2.6330409681651548e+02, 0., 2.2931350326538086e+02,
       -1.7865768134344305e+03, 0., 2.6330409681651548e+02,
       1.0880527687072754e+02, 0., 0., 0., 1., 0. ]
Q: !!opencv-matrix
   rows: 4
   cols: 4
   dt: d
   data: [ 1., 0., 0., -2.2931350326538086e+02, 0., 1., 0.,
       -1.0880527687072754e+02, 0., 0., 0., 2.6330409681651548e+02, 0.,
       0., 1.4737910782036415e-01, 0. ]
