<?xml version="1.0"?>
<opencv_storage>
<M2-single type_id="opencv-matrix">
  <rows>3</rows>
  <cols>3</cols>
  <dt>d</dt>
  <data>
    5.4216439514611614e+02 0. 3.2841146219555492e+02 0.
    5.4142398512200521e+02 2.4689927553014201e+02 0. 0. 1.</data></M2-single>
</opencv_storage>
