<?xml version="1.0"?>
<opencv_storage>
<P2 type_id="opencv-matrix">
  <rows>3</rows>
  <cols>4</cols>
  <dt>d</dt>
  <data>
    -3.7313082123669392e+02 0. -3.9648681640625000e+01
    1.2480169906039869e+03 0. -3.7313082123669392e+02
    1.9295489501953125e+02 0. 0. 0. 1. 0.</data></P2>
</opencv_storage>
