%YAML:1.0
M1: !!opencv-matrix
   rows: 3
   cols: 3
   dt: d
   data: [ 3.7517673228431312e+02, 0., 1.3849181995570078e+02, 0.,
       3.7517673228431312e+02, 1.1037077518539999e+02, 0., 0., 1. ]
D1: !!opencv-matrix
   rows: 1
   cols: 12
   dt: d
   data: [ -2.6680938175997970e-01, 2.8360846750197433e-01, 0., 0., 0.,
       0., 0., -5.8182929860867938e-01, 0., 0., 0., 0. ]
M2: !!opencv-matrix
   rows: 3
   cols: 3
   dt: d
   data: [ 3.7517673228431312e+02, 0., 1.5152344260258059e+02, 0.,
       3.7517673228431312e+02, 1.1283593935039002e+02, 0., 0., 1. ]
D2: !!opencv-matrix
   rows: 1
   cols: 12
   dt: d
   data: [ -1.9033286831032722e-01, 3.2983379822725051e-01, 0., 0., 0.,
       0., 0., 2.2136802920553955e+00, 0., 0., 0., 0. ]
