%YAML:1.0
M1: !!opencv-matrix
   rows: 3
   cols: 3
   dt: d
   data: [ 3.7710075527886187e+02, 0., 1.5726117007607846e+02, 0.,
       3.7710075527886187e+02, 1.0691348167570274e+02, 0., 0., 1. ]
D1: !!opencv-matrix
   rows: 1
   cols: 12
   dt: d
   data: [ 3.7786813943745978e-01, -6.5483052381232261e+00, 0., 0., 0.,
       0., 0., -2.2852779999825739e+01, 0., 0., 0., 0. ]
M2: !!opencv-matrix
   rows: 3
   cols: 3
   dt: d
   data: [ 3.7710075527886187e+02, 0., 1.6232481797936234e+02, 0.,
       3.7710075527886187e+02, 1.0712794416716157e+02, 0., 0., 1. ]
D2: !!opencv-matrix
   rows: 1
   cols: 12
   dt: d
   data: [ -5.3989056750162212e-01, 6.2758049278975632e+00, 0., 0., 0.,
       0., 0., 2.8635673451133304e+01, 0., 0., 0., 0. ]
